1
0.38268343236509
-0.707106781186547
-0.923879532511287
-1.83697019872103e-16
0.923879532511287
0.707106781186548
-0.38268343236509
-1
-0.382683432365091
0.707106781186547
0.923879532511287
5.51091059616309e-16
-0.923879532511286
-0.707106781186547
0.38268343236509
1
0.382683432365091
-0.707106781186546
-0.923879532511288
-2.69484193876077e-15
0.923879532511287
0.707106781186548
-0.382683432365089
-1
-0.382683432365091
0.707106781186546
0.923879532511288
-4.9047770029553e-16
-0.923879532511285
-0.707106781186548
0.382683432365086
