0	1000.000000	0.000000	1000.000000
1	1.000000	636.619249	636.620034
2	-0.000000	0.000000	0.000000
3	1.000000	212.205020	212.207376
4	-0.000000	0.000000	0.000000
5	1.000000	127.321336	127.325263
6	-0.000000	-0.000000	0.000000
7	1.000000	90.942017	90.947514
8	-0.000000	-0.000000	0.000000
9	1.000000	70.730818	70.737887
10	-0.000000	0.000000	0.000000
11	1.000000	57.868765	57.877405
12	0.000000	0.000000	0.000000
13	1.000000	48.963945	48.974155
14	-0.000000	0.000000	0.000000
15	1.000000	42.433464	42.445245
16	-0.000000	0.000000	0.000000
17	1.000000	37.439320	37.452673
18	-0.000000	-0.000000	0.000000
19	1.000000	33.496355	33.511279
20	-0.000000	0.000000	0.000000
21	1.000000	30.304231	30.320726
22	-0.000000	-0.000000	0.000000
23	1.000000	27.667077	27.685143
24	-0.000000	0.000000	0.000000
25	1.000000	25.451700	25.471337
26	0.000000	-0.000000	0.000000
27	1.000000	23.564371	23.585580
28	-0.000000	-0.000000	0.000000
29	1.000000	21.937219	21.960000
30	-0.000000	0.000000	0.000000
31	1.000000	20.519888	20.544240
32	-0.000000	-0.000000	0.000000
33	1.000000	19.274226	19.300150
34	-0.000000	0.000000	0.000000
35	1.000000	18.170807	18.198303
36	0.000000	-0.000000	0.000000
37	1.000000	17.186562	17.215630
38	-0.000000	-0.000000	0.000000
39	1.000000	16.303158	16.333799
40	0.000000	0.000000	0.000000
41	1.000000	15.505838	15.538050
42	-0.000000	-0.000000	0.000000
43	1.000000	14.782589	14.816374
44	-0.000000	0.000000	0.000000
45	1.000000	14.123536	14.158894
46	-0.000000	0.000000	0.000000
47	1.000000	13.520483	13.557414
48	0.000000	-0.000000	0.000000
49	1.000000	12.966574	13.005077
50	0.000000	0.000000	0.000000
51	1.000000	12.456026	12.496102
52	0.000000	0.000000	0.000000
53	1.000000	11.983930	12.025580
54	-0.000000	-0.000000	0.000000
55	1.000000	11.546093	11.589316
56	0.000000	-0.000000	0.000000
57	1.000000	11.138907	11.183704
58	-0.000000	-0.000000	0.000000
59	1.000000	10.759256	10.805627
60	-0.000000	-0.000000	0.000000
61	1.000000	10.404431	10.452377
62	-0.000000	-0.000000	0.000000
63	1.000000	10.072067	10.121588
64	0.000000	0.000000	0.000000
65	1.000000	9.760093	9.811188
66	0.000000	-0.000000	0.000000
67	1.000000	9.466681	9.519351
68	-0.000000	0.000000	0.000000
69	1.000000	9.190217	9.244462
70	-0.000000	0.000000	0.000000
71	1.000000	8.929269	8.985090
72	0.000000	0.000000	0.000000
73	1.000000	8.682563	8.739960
74	-0.000000	0.000000	0.000000
75	1.000000	8.448957	8.507930
76	-0.000000	0.000000	0.000000
77	1.000000	8.227433	8.287982
78	-0.000000	-0.000000	0.000000
79	1.000000	8.017071	8.079197
80	-0.000000	-0.000000	0.000000
81	1.000000	7.817046	7.880749
82	-0.000000	-0.000000	0.000000
83	1.000000	7.626610	7.691890
84	-0.000000	0.000000	0.000000
85	1.000000	7.445086	7.511944
86	0.000000	0.000000	0.000000
87	1.000000	7.271859	7.340295
88	-0.000000	0.000000	0.000000
89	1.000000	7.106370	7.176385
90	0.000000	0.000000	0.000000
91	1.000000	6.948109	7.019702
92	0.000000	-0.000000	0.000000
93	1.000000	6.796610	6.869782
94	-0.000000	-0.000000	0.000000
95	1.000000	6.651445	6.726196
96	-0.000000	-0.000000	0.000000
97	1.000000	6.512223	6.588554
98	-0.000000	0.000000	0.000000
99	1.000000	6.378583	6.456494
100	-0.000000	-0.000000	0.000000
101	1.000000	6.250194	6.329686
102	-0.000000	-0.000000	0.000000
103	1.000000	6.126749	6.207822
104	-0.000000	0.000000	0.000000
105	1.000000	6.007968	6.090622
106	-0.000000	0.000000	0.000000
107	1.000000	5.893587	5.977823
108	-0.000000	0.000000	0.000000
109	1.000000	5.783364	5.869182
110	0.000000	0.000000	0.000000
111	1.000000	5.677076	5.764476
112	0.000000	0.000000	0.000000
113	1.000000	5.574512	5.663496
114	-0.000000	-0.000000	0.000000
115	1.000000	5.475479	5.566046
116	-0.000000	0.000000	0.000000
117	1.000000	5.379795	5.471946
118	-0.000000	-0.000000	0.000000
119	1.000000	5.287292	5.381028
120	-0.000000	0.000000	0.000000
121	1.000000	5.197812	5.293132
122	0.000000	0.000000	0.000000
123	1.000000	5.111207	5.208113
124	-0.000000	-0.000000	0.000000
125	1.000000	5.027339	5.125831
126	0.000000	0.000000	0.000000
127	1.000000	4.946080	5.046158
128	-0.000000	-0.000000	0.000000
129	1.000000	4.867307	4.968972
130	-0.000000	-0.000000	0.000000
131	1.000000	4.790907	4.894159
132	-0.000000	0.000000	0.000000
133	1.000000	4.716773	4.821612
134	-0.000000	-0.000000	0.000000
135	1.000000	4.644803	4.751231
136	0.000000	-0.000000	0.000000
137	1.000000	4.574904	4.682921
138	0.000000	-0.000000	0.000000
139	1.000000	4.506986	4.616592
140	0.000000	-0.000000	0.000000
141	1.000000	4.440964	4.552160
142	-0.000000	0.000000	0.000000
143	1.000000	4.376759	4.489545
144	0.000000	0.000000	0.000000
145	1.000000	4.314295	4.428673
146	-0.000000	0.000000	0.000000
147	1.000000	4.253503	4.369472
148	0.000000	-0.000000	0.000000
149	1.000000	4.194313	4.311875
150	-0.000000	0.000000	0.000000
151	1.000000	4.136663	4.255818
152	-0.000000	-0.000000	0.000000
153	1.000000	4.080493	4.201240
154	-0.000000	-0.000000	0.000000
155	1.000000	4.025744	4.148086
156	-0.000000	0.000000	0.000000
157	1.000000	3.972363	4.096299
158	-0.000000	-0.000000	0.000000
159	1.000000	3.920297	4.045829
160	-0.000000	-0.000000	0.000000
161	1.000000	3.869499	3.996626
162	-0.000000	-0.000000	0.000000
163	1.000000	3.819921	3.948645
164	-0.000000	-0.000000	0.000000
165	1.000000	3.771518	3.901840
166	-0.000000	0.000000	0.000000
167	1.000000	3.724250	3.856169
168	0.000000	0.000000	0.000000
169	1.000000	3.678074	3.811591
170	0.000000	0.000000	0.000000
171	1.000000	3.632954	3.768070
172	0.000000	0.000000	0.000000
173	1.000000	3.588851	3.725568
174	0.000000	0.000000	0.000000
175	1.000000	3.545733	3.684049
176	-0.000000	0.000000	0.000000
177	1.000000	3.503564	3.643482
178	-0.000000	0.000000	0.000000
179	1.000000	3.462313	3.603833
180	-0.000000	0.000000	0.000000
181	1.000000	3.421950	3.565073
182	-0.000000	-0.000000	0.000000
183	1.000000	3.382446	3.527172
184	0.000000	-0.000000	0.000000
185	1.000000	3.343772	3.490102
186	-0.000000	0.000000	0.000000
187	1.000000	3.305903	3.453838
188	0.000000	-0.000000	0.000000
189	1.000000	3.268812	3.418352
190	0.000000	0.000000	0.000000
191	1.000000	3.232475	3.383622
192	-0.000000	-0.000000	0.000000
193	1.000000	3.196869	3.349622
194	0.000000	0.000000	0.000000
195	1.000000	3.161971	3.316332
196	-0.000000	0.000000	0.000000
197	1.000000	3.127759	3.283729
198	-0.000000	0.000000	0.000000
199	1.000000	3.094213	3.251792
200	0.000000	-0.000000	0.000000
201	1.000000	3.061313	3.220503
202	-0.000000	0.000000	0.000000
203	1.000000	3.029040	3.189841
204	0.000000	0.000000	0.000000
205	1.000000	2.997375	3.159788
206	0.000000	0.000000	0.000000
207	1.000000	2.966301	3.130326
208	-0.000000	0.000000	0.000000
209	1.000000	2.935801	3.101440
210	0.000000	-0.000000	0.000000
211	1.000000	2.905858	3.073111
212	-0.000000	-0.000000	0.000000
213	1.000000	2.876457	3.045325
214	-0.000000	0.000000	0.000000
215	1.000000	2.847583	3.018067
216	-0.000000	-0.000000	0.000000
217	1.000000	2.819221	2.991322
218	-0.000000	-0.000000	0.000000
219	1.000000	2.791357	2.965075
220	0.000000	-0.000000	0.000000
221	1.000000	2.763977	2.939314
222	0.000000	-0.000000	0.000000
223	1.000000	2.737068	2.914025
224	0.000000	0.000000	0.000000
225	1.000000	2.710619	2.889196
226	0.000000	0.000000	0.000000
227	1.000000	2.684616	2.864814
228	-0.000000	0.000000	0.000000
229	1.000000	2.659048	2.840869
230	-0.000000	0.000000	0.000000
231	1.000000	2.633903	2.817347
232	0.000000	-0.000000	0.000000
233	1.000000	2.609172	2.794240
234	0.000000	-0.000000	0.000000
235	1.000000	2.584842	2.771535
236	0.000000	0.000000	0.000000
237	1.000000	2.560905	2.749224
238	-0.000000	0.000000	0.000000
239	1.000000	2.537349	2.727295
240	0.000000	-0.000000	0.000000
241	1.000000	2.514166	2.705741
242	0.000000	0.000000	0.000000
243	1.000000	2.491347	2.684550
244	0.000000	0.000000	0.000000
245	1.000000	2.468882	2.663715
246	-0.000000	0.000000	0.000000
247	1.000000	2.446762	2.643226
248	0.000000	0.000000	0.000000
249	1.000000	2.424980	2.623076
250	-0.000000	0.000000	0.000000
251	1.000000	2.403528	2.603257
252	0.000000	0.000000	0.000000
253	1.000000	2.382397	2.583760
254	-0.000000	0.000000	0.000000
255	1.000000	2.361580	2.564578
256	0.000000	-0.000000	0.000000
257	1.000000	2.341070	2.545704
258	0.000000	0.000000	0.000000
259	1.000000	2.320859	2.527130
260	-0.000000	0.000000	0.000000
261	1.000000	2.300941	2.508850
262	0.000000	-0.000000	0.000000
263	1.000000	2.281308	2.490857
264	0.000000	-0.000000	0.000000
265	1.000000	2.261955	2.473144
266	-0.000000	-0.000000	0.000000
267	1.000000	2.242876	2.455706
268	0.000000	-0.000000	0.000000
269	1.000000	2.224063	2.438535
270	0.000000	-0.000000	0.000000
271	1.000000	2.205511	2.421627
272	-0.000000	-0.000000	0.000000
273	1.000000	2.187214	2.404975
274	-0.000000	-0.000000	0.000000
275	1.000000	2.169168	2.388575
276	0.000000	-0.000000	0.000000
277	1.000000	2.151365	2.372419
278	-0.000000	0.000000	0.000000
279	1.000000	2.133802	2.356504
280	0.000000	-0.000000	0.000000
281	1.000000	2.116472	2.340824
282	-0.000000	0.000000	0.000000
283	1.000000	2.099372	2.325373
284	0.000000	0.000000	0.000000
285	1.000000	2.082495	2.310149
286	0.000000	0.000000	0.000000
287	1.000000	2.065838	2.295144
288	-0.000000	0.000000	0.000000
289	1.000000	2.049396	2.280356
290	-0.000000	-0.000000	0.000000
291	1.000000	2.033164	2.265779
292	-0.000000	0.000000	0.000000
293	1.000000	2.017138	2.251410
294	0.000000	-0.000000	0.000000
295	1.000000	2.001314	2.237243
296	-0.000000	-0.000000	0.000000
297	1.000000	1.985688	2.223276
298	0.000000	-0.000000	0.000000
299	1.000000	1.970255	2.209504
300	0.000000	0.000000	0.000000
301	1.000000	1.955013	2.195922
302	0.000000	0.000000	0.000000
303	1.000000	1.939956	2.182528
304	-0.000000	-0.000000	0.000000
305	1.000000	1.925082	2.169318
306	-0.000000	-0.000000	0.000000
307	1.000000	1.910387	2.156288
308	-0.000000	0.000000	0.000000
309	1.000000	1.895867	2.143434
310	0.000000	-0.000000	0.000000
311	1.000000	1.881519	2.130754
312	-0.000000	-0.000000	0.000000
313	1.000000	1.867339	2.118244
314	0.000000	0.000000	0.000000
315	1.000000	1.853325	2.105900
316	-0.000000	0.000000	0.000000
317	1.000000	1.839473	2.093720
318	-0.000000	-0.000000	0.000000
319	1.000000	1.825781	2.081700
320	0.000000	0.000000	0.000000
321	1.000000	1.812244	2.069838
322	0.000000	0.000000	0.000000
323	1.000000	1.798861	2.058131
324	-0.000000	-0.000000	0.000000
325	1.000000	1.785628	2.046575
326	-0.000000	0.000000	0.000000
327	1.000000	1.772543	2.035168
328	-0.000000	0.000000	0.000000
329	1.000000	1.759603	2.023908
330	-0.000000	-0.000000	0.000000
331	1.000000	1.746805	2.012791
332	0.000000	0.000000	0.000000
333	1.000000	1.734147	2.001816
334	0.000000	-0.000000	0.000000
335	1.000000	1.721626	1.990979
336	0.000000	-0.000000	0.000000
337	1.000000	1.709240	1.980278
338	-0.000000	0.000000	0.000000
339	1.000000	1.696986	1.969711
340	0.000000	0.000000	0.000000
341	1.000000	1.684862	1.959275
342	0.000000	0.000000	0.000000
343	1.000000	1.672865	1.948969
344	0.000000	-0.000000	0.000000
345	1.000000	1.660994	1.938789
346	0.000000	0.000000	0.000000
347	1.000000	1.649247	1.928734
348	0.000000	-0.000000	0.000000
349	1.000000	1.637620	1.918802
350	-0.000000	0.000000	0.000000
351	1.000000	1.626113	1.908990
352	-0.000000	-0.000000	0.000000
353	1.000000	1.614722	1.899297
354	0.000000	-0.000000	0.000000
355	1.000000	1.603446	1.889720
356	-0.000000	0.000000	0.000000
357	1.000000	1.592284	1.880257
358	0.000000	0.000000	0.000000
359	1.000000	1.581232	1.870908
360	-0.000000	0.000000	0.000000
361	1.000000	1.570290	1.861669
362	0.000000	-0.000000	0.000000
363	1.000000	1.559456	1.852539
364	-0.000000	-0.000000	0.000000
365	1.000000	1.548726	1.843517
366	0.000000	0.000000	0.000000
367	1.000000	1.538101	1.834600
368	0.000000	0.000000	0.000000
369	1.000000	1.527578	1.825786
370	0.000000	-0.000000	0.000000
371	1.000000	1.517156	1.817075
372	0.000000	-0.000000	0.000000
373	1.000000	1.506832	1.808464
374	-0.000000	0.000000	0.000000
375	1.000000	1.496606	1.799952
376	-0.000000	0.000000	0.000000
377	1.000000	1.486475	1.791538
378	0.000000	-0.000000	0.000000
379	1.000000	1.476439	1.783219
380	0.000000	0.000000	0.000000
381	1.000000	1.466495	1.774995
382	0.000000	0.000000	0.000000
383	1.000000	1.456642	1.766864
384	0.000000	0.000000	0.000000
385	1.000000	1.446880	1.758824
386	0.000000	-0.000000	0.000000
387	1.000000	1.437205	1.750874
388	-0.000000	-0.000000	0.000000
389	1.000000	1.427618	1.743012
390	-0.000000	0.000000	0.000000
391	1.000000	1.418116	1.735238
392	-0.000000	0.000000	0.000000
393	1.000000	1.408698	1.727550
394	-0.000000	-0.000000	0.000000
395	1.000000	1.399364	1.719947
396	-0.000000	0.000000	0.000000
397	1.000000	1.390111	1.712427
398	-0.000000	0.000000	0.000000
399	1.000000	1.380938	1.704990
400	0.000000	0.000000	0.000000
401	1.000000	1.371845	1.697633
402	0.000000	-0.000000	0.000000
403	1.000000	1.362830	1.690357
404	0.000000	0.000000	0.000000
405	1.000000	1.353892	1.683159
406	-0.000000	-0.000000	0.000000
407	1.000000	1.345029	1.676038
408	-0.000000	-0.000000	0.000000
409	1.000000	1.336241	1.668994
410	-0.000000	0.000000	0.000000
411	1.000000	1.327527	1.662025
412	-0.000000	0.000000	0.000000
413	1.000000	1.318885	1.655130
414	0.000000	0.000000	0.000000
415	1.000000	1.310314	1.648309
416	-0.000000	-0.000000	0.000000
417	1.000000	1.301813	1.641560
418	-0.000000	0.000000	0.000000
419	1.000000	1.293382	1.634882
420	0.000000	-0.000000	0.000000
421	1.000000	1.285019	1.628273
422	-0.000000	0.000000	0.000000
423	1.000000	1.276723	1.621734
424	-0.000000	0.000000	0.000000
425	1.000000	1.268494	1.615264
426	-0.000000	-0.000000	0.000000
427	1.000000	1.260330	1.608860
428	-0.000000	0.000000	0.000000
429	1.000000	1.252230	1.602523
430	0.000000	-0.000000	0.000000
431	1.000000	1.244194	1.596251
432	-0.000000	0.000000	0.000000
433	1.000000	1.236220	1.590044
434	0.000000	0.000000	0.000000
435	1.000000	1.228308	1.583900
436	-0.000000	0.000000	0.000000
437	1.000000	1.220457	1.577820
438	0.000000	0.000000	0.000000
439	1.000000	1.212666	1.571801
440	-0.000000	0.000000	0.000000
441	1.000000	1.204934	1.565843
442	0.000000	0.000000	0.000000
443	1.000000	1.197260	1.559946
444	0.000000	0.000000	0.000000
445	1.000000	1.189644	1.554108
446	-0.000000	0.000000	0.000000
447	1.000000	1.182084	1.548329
448	-0.000000	0.000000	0.000000
449	1.000000	1.174581	1.542608
450	0.000000	-0.000000	0.000000
451	1.000000	1.167132	1.536944
452	0.000000	-0.000000	0.000000
453	1.000000	1.159738	1.531337
454	0.000000	-0.000000	0.000000
455	1.000000	1.152398	1.525785
456	0.000000	-0.000000	0.000000
457	1.000000	1.145111	1.520289
458	0.000000	0.000000	0.000000
459	1.000000	1.137876	1.514847
460	0.000000	-0.000000	0.000000
461	1.000000	1.130692	1.509458
462	-0.000000	-0.000000	0.000000
463	1.000000	1.123559	1.504123
464	0.000000	-0.000000	0.000000
465	1.000000	1.116477	1.498840
466	-0.000000	-0.000000	0.000000
467	1.000000	1.109444	1.493608
468	-0.000000	0.000000	0.000000
469	1.000000	1.102460	1.488428
470	0.000000	-0.000000	0.000000
471	1.000000	1.095524	1.483298
472	-0.000000	-0.000000	0.000000
473	1.000000	1.088635	1.478217
474	-0.000000	-0.000000	0.000000
475	1.000000	1.081794	1.473186
476	-0.000000	0.000000	0.000000
477	1.000000	1.074999	1.468204
478	-0.000000	-0.000000	0.000000
479	1.000000	1.068250	1.463269
480	0.000000	-0.000000	0.000000
481	1.000000	1.061545	1.458382
482	0.000000	-0.000000	0.000000
483	1.000000	1.054886	1.453542
484	-0.000000	-0.000000	0.000000
485	1.000000	1.048270	1.448748
486	0.000000	-0.000000	0.000000
487	1.000000	1.041698	1.444000
488	0.000000	0.000000	0.000000
489	1.000000	1.035169	1.439296
490	-0.000000	-0.000000	0.000000
491	1.000000	1.028682	1.434638
492	-0.000000	0.000000	0.000000
493	1.000000	1.022237	1.430024
494	0.000000	-0.000000	0.000000
495	1.000000	1.015833	1.425453
496	0.000000	-0.000000	0.000000
497	1.000000	1.009469	1.420925
498	0.000000	0.000000	0.000000
499	1.000000	1.003147	1.416440
500	-0.000000	0.000000	0.000000
501	1.000000	0.996863	1.411997
502	0.000000	0.000000	0.000000
503	1.000000	0.990619	1.407596
504	-0.000000	-0.000000	0.000000
505	1.000000	0.984414	1.403236
506	-0.000000	0.000000	0.000000
507	1.000000	0.978247	1.398917
508	-0.000000	0.000000	0.000000
509	1.000000	0.972118	1.394637
510	0.000000	0.000000	0.000000
511	1.000000	0.966026	1.390398
512	-0.000000	-0.000000	0.000000
513	1.000000	0.959971	1.386198
514	0.000000	-0.000000	0.000000
515	1.000000	0.953953	1.382037
516	0.000000	-0.000000	0.000000
517	1.000000	0.947970	1.377914
518	-0.000000	-0.000000	0.000000
519	1.000000	0.942023	1.373829
520	-0.000000	0.000000	0.000000
521	1.000000	0.936111	1.369782
522	0.000000	0.000000	0.000000
523	1.000000	0.930234	1.365772
524	0.000000	-0.000000	0.000000
525	1.000000	0.924390	1.361799
526	-0.000000	0.000000	0.000000
527	1.000000	0.918581	1.357863
528	-0.000000	0.000000	0.000000
529	1.000000	0.912805	1.353962
530	-0.000000	0.000000	0.000000
531	1.000000	0.907063	1.350097
532	-0.000000	-0.000000	0.000000
533	1.000000	0.901353	1.346268
534	0.000000	0.000000	0.000000
535	1.000000	0.895675	1.342473
536	0.000000	-0.000000	0.000000
537	1.000000	0.890029	1.338712
538	0.000000	-0.000000	0.000000
539	1.000000	0.884414	1.334986
540	-0.000000	-0.000000	0.000000
541	1.000000	0.878831	1.331294
542	-0.000000	-0.000000	0.000000
543	1.000000	0.873278	1.327635
544	-0.000000	0.000000	0.000000
545	1.000000	0.867756	1.324009
546	-0.000000	-0.000000	0.000000
547	1.000000	0.862264	1.320416
548	0.000000	-0.000000	0.000000
549	1.000000	0.856801	1.316855
550	-0.000000	-0.000000	0.000000
551	1.000000	0.851368	1.313327
552	-0.000000	-0.000000	0.000000
553	1.000000	0.845963	1.309830
554	-0.000000	-0.000000	0.000000
555	1.000000	0.840588	1.306364
556	0.000000	-0.000000	0.000000
557	1.000000	0.835241	1.302930
558	0.000000	0.000000	0.000000
559	1.000000	0.829921	1.299527
560	0.000000	0.000000	0.000000
561	1.000000	0.824630	1.296154
562	-0.000000	0.000000	0.000000
563	1.000000	0.819365	1.292811
564	0.000000	0.000000	0.000000
565	1.000000	0.814128	1.289498
566	-0.000000	-0.000000	0.000000
567	1.000000	0.808917	1.286214
568	0.000000	-0.000000	0.000000
569	1.000000	0.803733	1.282960
570	0.000000	0.000000	0.000000
571	1.000000	0.798575	1.279735
572	-0.000000	0.000000	0.000000
573	1.000000	0.793443	1.276539
574	0.000000	-0.000000	0.000000
575	1.000000	0.788336	1.273371
576	-0.000000	0.000000	0.000000
577	1.000000	0.783255	1.270232
578	-0.000000	-0.000000	0.000000
579	1.000000	0.778198	1.267120
580	-0.000000	-0.000000	0.000000
581	1.000000	0.773167	1.264036
582	-0.000000	0.000000	0.000000
583	1.000000	0.768159	1.260979
584	0.000000	0.000000	0.000000
585	1.000000	0.763176	1.257950
586	-0.000000	-0.000000	0.000000
587	1.000000	0.758216	1.254947
588	0.000000	-0.000000	0.000000
589	1.000000	0.753280	1.251971
590	0.000000	0.000000	0.000000
591	1.000000	0.748368	1.249021
592	-0.000000	0.000000	0.000000
593	1.000000	0.743478	1.246098
594	0.000000	-0.000000	0.000000
595	1.000000	0.738611	1.243200
596	0.000000	-0.000000	0.000000
597	1.000000	0.733767	1.240328
598	0.000000	0.000000	0.000000
599	1.000000	0.728945	1.237482
600	-0.000000	-0.000000	0.000000
601	1.000000	0.724145	1.234660
602	0.000000	-0.000000	0.000000
603	1.000000	0.719367	1.231864
604	0.000000	-0.000000	0.000000
605	1.000000	0.714611	1.229092
606	0.000000	-0.000000	0.000000
607	1.000000	0.709875	1.226345
608	-0.000000	0.000000	0.000000
609	1.000000	0.705161	1.223623
610	-0.000000	0.000000	0.000000
611	1.000000	0.700468	1.220924
612	-0.000000	0.000000	0.000000
613	1.000000	0.695795	1.218249
614	-0.000000	-0.000000	0.000000
615	1.000000	0.691143	1.215598
616	-0.000000	0.000000	0.000000
617	1.000000	0.686510	1.212970
618	0.000000	0.000000	0.000000
619	1.000000	0.681898	1.210366
620	-0.000000	0.000000	0.000000
621	1.000000	0.677305	1.207784
622	0.000000	0.000000	0.000000
623	1.000000	0.672732	1.205226
624	-0.000000	0.000000	0.000000
625	1.000000	0.668179	1.202690
626	-0.000000	0.000000	0.000000
627	1.000000	0.663644	1.200176
628	-0.000000	0.000000	0.000000
629	1.000000	0.659128	1.197685
630	0.000000	-0.000000	0.000000
631	1.000000	0.654631	1.195216
632	-0.000000	-0.000000	0.000000
633	1.000000	0.650152	1.192769
634	0.000000	0.000000	0.000000
635	1.000000	0.645692	1.190344
636	-0.000000	0.000000	0.000000
637	1.000000	0.641249	1.187940
638	-0.000000	-0.000000	0.000000
639	1.000000	0.636825	1.185557
640	-0.000000	-0.000000	0.000000
641	1.000000	0.632418	1.183196
642	-0.000000	0.000000	0.000000
643	1.000000	0.628029	1.180856
644	0.000000	-0.000000	0.000000
645	1.000000	0.623657	1.178536
646	0.000000	-0.000000	0.000000
647	1.000000	0.619302	1.176237
648	0.000000	-0.000000	0.000000
649	1.000000	0.614964	1.173959
650	-0.000000	0.000000	0.000000
651	1.000000	0.610642	1.171701
652	0.000000	0.000000	0.000000
653	1.000000	0.606337	1.169464
654	-0.000000	0.000000	0.000000
655	1.000000	0.602049	1.167246
656	-0.000000	0.000000	0.000000
657	1.000000	0.597777	1.165048
658	-0.000000	-0.000000	0.000000
659	1.000000	0.593521	1.162870
660	-0.000000	-0.000000	0.000000
661	1.000000	0.589280	1.160711
662	0.000000	0.000000	0.000000
663	1.000000	0.585055	1.158572
664	0.000000	-0.000000	0.000000
665	1.000000	0.580846	1.156452
666	0.000000	-0.000000	0.000000
667	1.000000	0.576652	1.154352
668	-0.000000	-0.000000	0.000000
669	1.000000	0.572474	1.152270
670	0.000000	-0.000000	0.000000
671	1.000000	0.568310	1.150207
672	0.000000	0.000000	0.000000
673	1.000000	0.564161	1.148163
674	-0.000000	0.000000	0.000000
675	1.000000	0.560027	1.146137
676	-0.000000	0.000000	0.000000
677	1.000000	0.555907	1.144130
678	0.000000	-0.000000	0.000000
679	1.000000	0.551802	1.142141
680	-0.000000	-0.000000	0.000000
681	1.000000	0.547711	1.140170
682	-0.000000	0.000000	0.000000
683	1.000000	0.543634	1.138217
684	0.000000	0.000000	0.000000
685	1.000000	0.539571	1.136282
686	0.000000	-0.000000	0.000000
687	1.000000	0.535521	1.134365
688	-0.000000	-0.000000	0.000000
689	1.000000	0.531486	1.132465
690	0.000000	-0.000000	0.000000
691	1.000000	0.527463	1.130583
692	0.000000	0.000000	0.000000
693	1.000000	0.523454	1.128718
694	-0.000000	-0.000000	0.000000
695	1.000000	0.519458	1.126870
696	-0.000000	0.000000	0.000000
697	1.000000	0.515476	1.125040
698	0.000000	0.000000	0.000000
699	1.000000	0.511506	1.123227
700	-0.000000	0.000000	0.000000
701	1.000000	0.507548	1.121430
702	-0.000000	0.000000	0.000000
703	1.000000	0.503604	1.119650
704	0.000000	0.000000	0.000000
705	1.000000	0.499672	1.117887
706	-0.000000	-0.000000	0.000000
707	1.000000	0.495752	1.116141
708	0.000000	-0.000000	0.000000
709	1.000000	0.491844	1.114410
710	-0.000000	0.000000	0.000000
711	1.000000	0.487949	1.112697
712	0.000000	-0.000000	0.000000
713	1.000000	0.484065	1.110999
714	-0.000000	-0.000000	0.000000
715	1.000000	0.480193	1.109318
716	0.000000	-0.000000	0.000000
717	1.000000	0.476333	1.107652
718	0.000000	-0.000000	0.000000
719	1.000000	0.472484	1.106002
720	-0.000000	-0.000000	0.000000
721	1.000000	0.468647	1.104369
722	-0.000000	0.000000	0.000000
723	1.000000	0.464821	1.102751
724	-0.000000	-0.000000	0.000000
725	1.000000	0.461006	1.101148
726	0.000000	0.000000	0.000000
727	1.000000	0.457203	1.099561
728	-0.000000	0.000000	0.000000
729	1.000000	0.453410	1.097989
730	0.000000	-0.000000	0.000000
731	1.000000	0.449628	1.096433
732	-0.000000	-0.000000	0.000000
733	1.000000	0.445856	1.094892
734	-0.000000	-0.000000	0.000000
735	1.000000	0.442095	1.093366
736	0.000000	0.000000	0.000000
737	1.000000	0.438345	1.091855
738	-0.000000	-0.000000	0.000000
739	1.000000	0.434605	1.090358
740	-0.000000	0.000000	0.000000
741	1.000000	0.430875	1.088877
742	-0.000000	0.000000	0.000000
743	1.000000	0.427155	1.087410
744	-0.000000	0.000000	0.000000
745	1.000000	0.423445	1.085959
746	-0.000000	0.000000	0.000000
747	1.000000	0.419745	1.084521
748	0.000000	-0.000000	0.000000
749	1.000000	0.416055	1.083098
750	0.000000	0.000000	0.000000
751	1.000000	0.412374	1.081690
752	0.000000	-0.000000	0.000000
753	1.000000	0.408703	1.080296
754	0.000000	-0.000000	0.000000
755	1.000000	0.405042	1.078916
756	-0.000000	-0.000000	0.000000
757	1.000000	0.401389	1.077550
758	-0.000000	-0.000000	0.000000
759	1.000000	0.397746	1.076198
760	-0.000000	0.000000	0.000000
761	1.000000	0.394112	1.074860
762	-0.000000	0.000000	0.000000
763	1.000000	0.390487	1.073536
764	0.000000	0.000000	0.000000
765	1.000000	0.386871	1.072226
766	-0.000000	-0.000000	0.000000
767	1.000000	0.383263	1.070930
768	-0.000000	0.000000	0.000000
769	1.000000	0.379665	1.069647
770	-0.000000	0.000000	0.000000
771	1.000000	0.376074	1.068378
772	-0.000000	0.000000	0.000000
773	1.000000	0.372493	1.067123
774	-0.000000	0.000000	0.000000
775	1.000000	0.368919	1.065881
776	-0.000000	-0.000000	0.000000
777	1.000000	0.365354	1.064652
778	0.000000	0.000000	0.000000
779	1.000000	0.361798	1.063437
780	-0.000000	0.000000	0.000000
781	1.000000	0.358249	1.062235
782	0.000000	-0.000000	0.000000
783	1.000000	0.354708	1.061046
784	0.000000	0.000000	0.000000
785	1.000000	0.351175	1.059870
786	0.000000	-0.000000	0.000000
787	1.000000	0.347650	1.058707
788	-0.000000	0.000000	0.000000
789	1.000000	0.344132	1.057557
790	-0.000000	0.000000	0.000000
791	1.000000	0.340623	1.056420
792	-0.000000	0.000000	0.000000
793	1.000000	0.337120	1.055296
794	-0.000000	0.000000	0.000000
795	1.000000	0.333625	1.054185
796	0.000000	-0.000000	0.000000
797	1.000000	0.330138	1.053086
798	-0.000000	0.000000	0.000000
799	1.000000	0.326657	1.052000
800	0.000000	-0.000000	0.000000
801	1.000000	0.323184	1.050927
802	0.000000	-0.000000	0.000000
803	1.000000	0.319718	1.049866
804	-0.000000	0.000000	0.000000
805	1.000000	0.316258	1.048818
806	-0.000000	0.000000	0.000000
807	1.000000	0.312806	1.047782
808	-0.000000	0.000000	0.000000
809	1.000000	0.309360	1.046759
810	-0.000000	-0.000000	0.000000
811	1.000000	0.305922	1.045748
812	-0.000000	-0.000000	0.000000
813	1.000000	0.302489	1.044749
814	0.000000	-0.000000	0.000000
815	1.000000	0.299063	1.043762
816	0.000000	0.000000	0.000000
817	1.000000	0.295644	1.042787
818	0.000000	-0.000000	0.000000
819	1.000000	0.292231	1.041825
820	0.000000	-0.000000	0.000000
821	1.000000	0.288824	1.040874
822	0.000000	-0.000000	0.000000
823	1.000000	0.285424	1.039936
824	-0.000000	-0.000000	0.000000
825	1.000000	0.282029	1.039009
826	0.000000	0.000000	0.000000
827	1.000000	0.278641	1.038095
828	-0.000000	-0.000000	0.000000
829	1.000000	0.275258	1.037192
830	-0.000000	-0.000000	0.000000
831	1.000000	0.271881	1.036301
832	-0.000000	0.000000	0.000000
833	1.000000	0.268510	1.035422
834	0.000000	-0.000000	0.000000
835	1.000000	0.265145	1.034554
836	0.000000	0.000000	0.000000
837	1.000000	0.261786	1.033698
838	-0.000000	-0.000000	0.000000
839	1.000000	0.258431	1.032854
840	-0.000000	0.000000	0.000000
841	1.000000	0.255083	1.032021
842	0.000000	-0.000000	0.000000
843	1.000000	0.251739	1.031200
844	0.000000	-0.000000	0.000000
845	1.000000	0.248401	1.030390
846	0.000000	-0.000000	0.000000
847	1.000000	0.245068	1.029591
848	0.000000	-0.000000	0.000000
849	1.000000	0.241741	1.028804
850	0.000000	0.000000	0.000000
851	1.000000	0.238418	1.028029
852	0.000000	-0.000000	0.000000
853	1.000000	0.235100	1.027264
854	0.000000	0.000000	0.000000
855	1.000000	0.231788	1.026511
856	-0.000000	0.000000	0.000000
857	1.000000	0.228480	1.025769
858	-0.000000	-0.000000	0.000000
859	1.000000	0.225176	1.025039
860	0.000000	0.000000	0.000000
861	1.000000	0.221878	1.024319
862	0.000000	0.000000	0.000000
863	1.000000	0.218584	1.023611
864	-0.000000	0.000000	0.000000
865	1.000000	0.215294	1.022913
866	0.000000	-0.000000	0.000000
867	1.000000	0.212009	1.022227
868	-0.000000	0.000000	0.000000
869	1.000000	0.208729	1.021552
870	-0.000000	0.000000	0.000000
871	1.000000	0.205452	1.020887
872	0.000000	0.000000	0.000000
873	1.000000	0.202180	1.020234
874	0.000000	-0.000000	0.000000
875	1.000000	0.198912	1.019591
876	0.000000	-0.000000	0.000000
877	1.000000	0.195649	1.018959
878	-0.000000	-0.000000	0.000000
879	1.000000	0.192389	1.018339
880	0.000000	-0.000000	0.000000
881	1.000000	0.189133	1.017728
882	-0.000000	0.000000	0.000000
883	1.000000	0.185881	1.017129
884	-0.000000	0.000000	0.000000
885	1.000000	0.182632	1.016541
886	0.000000	0.000000	0.000000
887	1.000000	0.179388	1.015963
888	0.000000	0.000000	0.000000
889	1.000000	0.176147	1.015395
890	-0.000000	-0.000000	0.000000
891	1.000000	0.172910	1.014839
892	-0.000000	0.000000	0.000000
893	1.000000	0.169676	1.014293
894	-0.000000	-0.000000	0.000000
895	1.000000	0.166446	1.013757
896	0.000000	-0.000000	0.000000
897	1.000000	0.163219	1.013233
898	0.000000	0.000000	0.000000
899	1.000000	0.159995	1.012718
900	-0.000000	0.000000	0.000000
901	1.000000	0.156775	1.012215
902	-0.000000	0.000000	0.000000
903	1.000000	0.153557	1.011721
904	-0.000000	-0.000000	0.000000
905	1.000000	0.150343	1.011238
906	-0.000000	-0.000000	0.000000
907	1.000000	0.147132	1.010766
908	-0.000000	0.000000	0.000000
909	1.000000	0.143924	1.010304
910	0.000000	0.000000	0.000000
911	1.000000	0.140719	1.009852
912	-0.000000	-0.000000	0.000000
913	1.000000	0.137516	1.009411
914	0.000000	-0.000000	0.000000
915	1.000000	0.134317	1.008980
916	0.000000	-0.000000	0.000000
917	1.000000	0.131120	1.008560
918	0.000000	-0.000000	0.000000
919	1.000000	0.127926	1.008149
920	-0.000000	-0.000000	0.000000
921	1.000000	0.124734	1.007749
922	0.000000	0.000000	0.000000
923	1.000000	0.121545	1.007359
924	-0.000000	0.000000	0.000000
925	1.000000	0.118358	1.006980
926	-0.000000	0.000000	0.000000
927	1.000000	0.115173	1.006611
928	0.000000	-0.000000	0.000000
929	1.000000	0.111991	1.006251
930	-0.000000	0.000000	0.000000
931	1.000000	0.108811	1.005903
932	-0.000000	-0.000000	0.000000
933	1.000000	0.105634	1.005564
934	0.000000	0.000000	0.000000
935	1.000000	0.102458	1.005235
936	-0.000000	0.000000	0.000000
937	1.000000	0.099284	1.004917
938	0.000000	0.000000	0.000000
939	1.000000	0.096113	1.004608
940	-0.000000	0.000000	0.000000
941	1.000000	0.092943	1.004310
942	-0.000000	0.000000	0.000000
943	1.000000	0.089775	1.004022
944	-0.000000	-0.000000	0.000000
945	1.000000	0.086609	1.003744
946	0.000000	0.000000	0.000000
947	1.000000	0.083445	1.003476
948	-0.000000	0.000000	0.000000
949	1.000000	0.080282	1.003217
950	0.000000	0.000000	0.000000
951	1.000000	0.077121	1.002969
952	-0.000000	-0.000000	0.000000
953	1.000000	0.073962	1.002731
954	0.000000	-0.000000	0.000000
955	1.000000	0.070804	1.002503
956	-0.000000	-0.000000	0.000000
957	1.000000	0.067647	1.002285
958	0.000000	-0.000000	0.000000
959	1.000000	0.064492	1.002077
960	-0.000000	0.000000	0.000000
961	1.000000	0.061338	1.001879
962	-0.000000	-0.000000	0.000000
963	1.000000	0.058185	1.001691
964	0.000000	-0.000000	0.000000
965	1.000000	0.055033	1.001513
966	-0.000000	-0.000000	0.000000
967	1.000000	0.051883	1.001345
968	0.000000	-0.000000	0.000000
969	1.000000	0.048733	1.001187
970	-0.000000	-0.000000	0.000000
971	1.000000	0.045585	1.001038
972	0.000000	0.000000	0.000000
973	1.000000	0.042437	1.000900
974	-0.000000	0.000000	0.000000
975	1.000000	0.039290	1.000772
976	-0.000000	-0.000000	0.000000
977	1.000000	0.036144	1.000653
978	0.000000	0.000000	0.000000
979	1.000000	0.032999	1.000544
980	-0.000000	-0.000000	0.000000
981	1.000000	0.029854	1.000446
982	0.000000	-0.000000	0.000000
983	1.000000	0.026710	1.000357
984	0.000000	0.000000	0.000000
985	1.000000	0.023566	1.000278
986	-0.000000	-0.000000	0.000000
987	1.000000	0.020423	1.000209
988	0.000000	-0.000000	0.000000
989	1.000000	0.017280	1.000149
990	-0.000000	-0.000000	0.000000
991	1.000000	0.014138	1.000100
992	0.000000	0.000000	0.000000
993	1.000000	0.010996	1.000060
994	-0.000000	-0.000000	0.000000
995	1.000000	0.007854	1.000031
996	-0.000000	0.000000	0.000000
997	1.000000	0.004712	1.000011
998	0.000000	0.000000	0.000000
999	1.000000	0.001571	1.000001
1000	0.000000	0.000000	0.000000
1001	1.000000	-0.001571	1.000001
1002	-0.000000	-0.000000	0.000000
1003	1.000000	-0.004712	1.000011
1004	-0.000000	0.000000	0.000000
1005	1.000000	-0.007854	1.000031
1006	0.000000	-0.000000	0.000000
1007	1.000000	-0.010996	1.000060
1008	-0.000000	-0.000000	0.000000
1009	1.000000	-0.014138	1.000100
1010	0.000000	0.000000	0.000000
1011	1.000000	-0.017280	1.000149
1012	0.000000	-0.000000	0.000000
1013	1.000000	-0.020423	1.000209
1014	0.000000	0.000000	0.000000
1015	1.000000	-0.023566	1.000278
1016	-0.000000	-0.000000	0.000000
1017	1.000000	-0.026710	1.000357
1018	-0.000000	0.000000	0.000000
1019	1.000000	-0.029854	1.000446
1020	-0.000000	0.000000	0.000000
1021	1.000000	-0.032999	1.000544
1022	-0.000000	-0.000000	0.000000
1023	1.000000	-0.036144	1.000653
1024	-0.000000	0.000000	0.000000
1025	1.000000	-0.039290	1.000772
1026	-0.000000	-0.000000	0.000000
1027	1.000000	-0.042437	1.000900
1028	0.000000	-0.000000	0.000000
1029	1.000000	-0.045585	1.001038
1030	0.000000	-0.000000	0.000000
1031	1.000000	-0.048733	1.001187
1032	-0.000000	0.000000	0.000000
1033	1.000000	-0.051883	1.001345
1034	-0.000000	-0.000000	0.000000
1035	1.000000	-0.055033	1.001513
1036	-0.000000	0.000000	0.000000
1037	1.000000	-0.058185	1.001691
1038	0.000000	0.000000	0.000000
1039	1.000000	-0.061338	1.001879
1040	-0.000000	0.000000	0.000000
1041	1.000000	-0.064492	1.002077
1042	0.000000	0.000000	0.000000
1043	1.000000	-0.067647	1.002285
1044	-0.000000	-0.000000	0.000000
1045	1.000000	-0.070804	1.002503
1046	-0.000000	0.000000	0.000000
1047	1.000000	-0.073962	1.002731
1048	0.000000	-0.000000	0.000000
1049	1.000000	-0.077121	1.002969
1050	-0.000000	0.000000	0.000000
1051	1.000000	-0.080282	1.003217
1052	-0.000000	0.000000	0.000000
1053	1.000000	-0.083445	1.003476
1054	0.000000	0.000000	0.000000
1055	1.000000	-0.086609	1.003744
1056	0.000000	0.000000	0.000000
1057	1.000000	-0.089775	1.004022
1058	0.000000	0.000000	0.000000
1059	1.000000	-0.092943	1.004310
1060	-0.000000	-0.000000	0.000000
1061	1.000000	-0.096113	1.004608
1062	-0.000000	0.000000	0.000000
1063	1.000000	-0.099284	1.004917
1064	0.000000	-0.000000	0.000000
1065	1.000000	-0.102458	1.005235
1066	-0.000000	-0.000000	0.000000
1067	1.000000	-0.105634	1.005564
1068	0.000000	0.000000	0.000000
1069	1.000000	-0.108811	1.005903
1070	0.000000	-0.000000	0.000000
1071	1.000000	-0.111991	1.006251
1072	0.000000	0.000000	0.000000
1073	1.000000	-0.115173	1.006611
1074	0.000000	-0.000000	0.000000
1075	1.000000	-0.118358	1.006980
1076	-0.000000	-0.000000	0.000000
1077	1.000000	-0.121545	1.007359
1078	0.000000	-0.000000	0.000000
1079	1.000000	-0.124734	1.007749
1080	0.000000	-0.000000	0.000000
1081	1.000000	-0.127926	1.008149
1082	-0.000000	0.000000	0.000000
1083	1.000000	-0.131120	1.008560
1084	-0.000000	0.000000	0.000000
1085	1.000000	-0.134317	1.008980
1086	-0.000000	-0.000000	0.000000
1087	1.000000	-0.137516	1.009411
1088	0.000000	-0.000000	0.000000
1089	1.000000	-0.140719	1.009852
1090	-0.000000	0.000000	0.000000
1091	1.000000	-0.143924	1.010304
1092	-0.000000	0.000000	0.000000
1093	1.000000	-0.147132	1.010766
1094	0.000000	0.000000	0.000000
1095	1.000000	-0.150343	1.011238
1096	0.000000	-0.000000	0.000000
1097	1.000000	-0.153557	1.011721
1098	-0.000000	0.000000	0.000000
1099	1.000000	-0.156775	1.012215
1100	-0.000000	-0.000000	0.000000
1101	1.000000	-0.159995	1.012718
1102	-0.000000	-0.000000	0.000000
1103	1.000000	-0.163219	1.013233
1104	-0.000000	-0.000000	0.000000
1105	1.000000	-0.166446	1.013757
1106	-0.000000	-0.000000	0.000000
1107	1.000000	-0.169676	1.014293
1108	-0.000000	-0.000000	0.000000
1109	1.000000	-0.172910	1.014839
1110	-0.000000	-0.000000	0.000000
1111	1.000000	-0.176147	1.015395
1112	-0.000000	-0.000000	0.000000
1113	1.000000	-0.179388	1.015963
1114	-0.000000	-0.000000	0.000000
1115	1.000000	-0.182632	1.016541
1116	-0.000000	-0.000000	0.000000
1117	1.000000	-0.185881	1.017129
1118	-0.000000	0.000000	0.000000
1119	1.000000	-0.189133	1.017728
1120	-0.000000	0.000000	0.000000
1121	1.000000	-0.192389	1.018339
1122	0.000000	0.000000	0.000000
1123	1.000000	-0.195649	1.018959
1124	-0.000000	0.000000	0.000000
1125	1.000000	-0.198912	1.019591
1126	-0.000000	0.000000	0.000000
1127	1.000000	-0.202180	1.020234
1128	0.000000	-0.000000	0.000000
1129	1.000000	-0.205452	1.020887
1130	-0.000000	-0.000000	0.000000
1131	1.000000	-0.208729	1.021552
1132	0.000000	-0.000000	0.000000
1133	1.000000	-0.212009	1.022227
1134	0.000000	-0.000000	0.000000
1135	1.000000	-0.215294	1.022913
1136	0.000000	0.000000	0.000000
1137	1.000000	-0.218584	1.023611
1138	-0.000000	-0.000000	0.000000
1139	1.000000	-0.221878	1.024319
1140	0.000000	0.000000	0.000000
1141	1.000000	-0.225176	1.025039
1142	0.000000	-0.000000	0.000000
1143	1.000000	-0.228480	1.025769
1144	-0.000000	-0.000000	0.000000
1145	1.000000	-0.231788	1.026511
1146	-0.000000	0.000000	0.000000
1147	1.000000	-0.235100	1.027264
1148	-0.000000	0.000000	0.000000
1149	1.000000	-0.238418	1.028029
1150	-0.000000	-0.000000	0.000000
1151	1.000000	-0.241741	1.028804
1152	0.000000	-0.000000	0.000000
1153	1.000000	-0.245068	1.029591
1154	-0.000000	0.000000	0.000000
1155	1.000000	-0.248401	1.030390
1156	0.000000	-0.000000	0.000000
1157	1.000000	-0.251739	1.031200
1158	-0.000000	-0.000000	0.000000
1159	1.000000	-0.255083	1.032021
1160	-0.000000	0.000000	0.000000
1161	1.000000	-0.258431	1.032854
1162	-0.000000	-0.000000	0.000000
1163	1.000000	-0.261786	1.033698
1164	0.000000	0.000000	0.000000
1165	1.000000	-0.265145	1.034554
1166	-0.000000	-0.000000	0.000000
1167	1.000000	-0.268510	1.035422
1168	0.000000	0.000000	0.000000
1169	1.000000	-0.271881	1.036301
1170	0.000000	0.000000	0.000000
1171	1.000000	-0.275258	1.037192
1172	0.000000	0.000000	0.000000
1173	1.000000	-0.278641	1.038095
1174	-0.000000	0.000000	0.000000
1175	1.000000	-0.282029	1.039009
1176	0.000000	-0.000000	0.000000
1177	1.000000	-0.285424	1.039936
1178	-0.000000	-0.000000	0.000000
1179	1.000000	-0.288824	1.040874
1180	-0.000000	0.000000	0.000000
1181	1.000000	-0.292231	1.041825
1182	-0.000000	0.000000	0.000000
1183	1.000000	-0.295644	1.042787
1184	-0.000000	0.000000	0.000000
1185	1.000000	-0.299063	1.043762
1186	-0.000000	0.000000	0.000000
1187	1.000000	-0.302489	1.044749
1188	-0.000000	-0.000000	0.000000
1189	1.000000	-0.305922	1.045748
1190	-0.000000	-0.000000	0.000000
1191	1.000000	-0.309360	1.046759
1192	-0.000000	0.000000	0.000000
1193	1.000000	-0.312806	1.047782
1194	0.000000	0.000000	0.000000
1195	1.000000	-0.316258	1.048818
1196	0.000000	0.000000	0.000000
1197	1.000000	-0.319718	1.049866
1198	0.000000	0.000000	0.000000
1199	1.000000	-0.323184	1.050927
1200	-0.000000	-0.000000	0.000000
1201	1.000000	-0.326657	1.052000
1202	0.000000	0.000000	0.000000
1203	1.000000	-0.330138	1.053086
1204	0.000000	-0.000000	0.000000
1205	1.000000	-0.333625	1.054185
1206	-0.000000	-0.000000	0.000000
1207	1.000000	-0.337120	1.055296
1208	0.000000	0.000000	0.000000
1209	1.000000	-0.340623	1.056420
1210	-0.000000	0.000000	0.000000
1211	1.000000	-0.344132	1.057557
1212	-0.000000	0.000000	0.000000
1213	1.000000	-0.347650	1.058707
1214	0.000000	-0.000000	0.000000
1215	1.000000	-0.351175	1.059870
1216	-0.000000	0.000000	0.000000
1217	1.000000	-0.354708	1.061046
1218	0.000000	-0.000000	0.000000
1219	1.000000	-0.358249	1.062235
1220	0.000000	-0.000000	0.000000
1221	1.000000	-0.361798	1.063437
1222	-0.000000	0.000000	0.000000
1223	1.000000	-0.365354	1.064652
1224	0.000000	-0.000000	0.000000
1225	1.000000	-0.368919	1.065881
1226	0.000000	0.000000	0.000000
1227	1.000000	-0.372493	1.067123
1228	-0.000000	0.000000	0.000000
1229	1.000000	-0.376074	1.068378
1230	0.000000	-0.000000	0.000000
1231	1.000000	-0.379665	1.069647
1232	0.000000	0.000000	0.000000
1233	1.000000	-0.383263	1.070930
1234	-0.000000	0.000000	0.000000
1235	1.000000	-0.386871	1.072226
1236	0.000000	0.000000	0.000000
1237	1.000000	-0.390487	1.073536
1238	0.000000	0.000000	0.000000
1239	1.000000	-0.394112	1.074860
1240	0.000000	-0.000000	0.000000
1241	1.000000	-0.397746	1.076198
1242	0.000000	0.000000	0.000000
1243	1.000000	-0.401389	1.077550
1244	0.000000	0.000000	0.000000
1245	1.000000	-0.405042	1.078916
1246	0.000000	-0.000000	0.000000
1247	1.000000	-0.408703	1.080296
1248	-0.000000	0.000000	0.000000
1249	1.000000	-0.412374	1.081690
1250	0.000000	0.000000	0.000000
1251	1.000000	-0.416055	1.083098
1252	-0.000000	0.000000	0.000000
1253	1.000000	-0.419745	1.084521
1254	0.000000	0.000000	0.000000
1255	1.000000	-0.423445	1.085959
1256	-0.000000	0.000000	0.000000
1257	1.000000	-0.427155	1.087410
1258	-0.000000	0.000000	0.000000
1259	1.000000	-0.430875	1.088877
1260	-0.000000	0.000000	0.000000
1261	1.000000	-0.434605	1.090358
1262	-0.000000	-0.000000	0.000000
1263	1.000000	-0.438345	1.091855
1264	-0.000000	-0.000000	0.000000
1265	1.000000	-0.442095	1.093366
1266	0.000000	0.000000	0.000000
1267	1.000000	-0.445856	1.094892
1268	-0.000000	-0.000000	0.000000
1269	1.000000	-0.449628	1.096433
1270	-0.000000	0.000000	0.000000
1271	1.000000	-0.453410	1.097989
1272	0.000000	-0.000000	0.000000
1273	1.000000	-0.457203	1.099561
1274	0.000000	-0.000000	0.000000
1275	1.000000	-0.461006	1.101148
1276	0.000000	0.000000	0.000000
1277	1.000000	-0.464821	1.102751
1278	-0.000000	0.000000	0.000000
1279	1.000000	-0.468647	1.104369
1280	-0.000000	-0.000000	0.000000
1281	1.000000	-0.472484	1.106002
1282	0.000000	-0.000000	0.000000
1283	1.000000	-0.476333	1.107652
1284	-0.000000	0.000000	0.000000
1285	1.000000	-0.480193	1.109318
1286	-0.000000	-0.000000	0.000000
1287	1.000000	-0.484065	1.110999
1288	0.000000	-0.000000	0.000000
1289	1.000000	-0.487949	1.112697
1290	-0.000000	0.000000	0.000000
1291	1.000000	-0.491844	1.114410
1292	0.000000	-0.000000	0.000000
1293	1.000000	-0.495752	1.116141
1294	-0.000000	0.000000	0.000000
1295	1.000000	-0.499672	1.117887
1296	-0.000000	-0.000000	0.000000
1297	1.000000	-0.503604	1.119650
1298	0.000000	-0.000000	0.000000
1299	1.000000	-0.507548	1.121430
1300	-0.000000	0.000000	0.000000
1301	1.000000	-0.511506	1.123227
1302	-0.000000	0.000000	0.000000
1303	1.000000	-0.515476	1.125040
1304	0.000000	-0.000000	0.000000
1305	1.000000	-0.519458	1.126870
1306	-0.000000	0.000000	0.000000
1307	1.000000	-0.523454	1.128718
1308	0.000000	-0.000000	0.000000
1309	1.000000	-0.527463	1.130583
1310	-0.000000	-0.000000	0.000000
1311	1.000000	-0.531486	1.132465
1312	-0.000000	0.000000	0.000000
1313	1.000000	-0.535521	1.134365
1314	0.000000	0.000000	0.000000
1315	1.000000	-0.539571	1.136282
1316	0.000000	-0.000000	0.000000
1317	1.000000	-0.543634	1.138217
1318	-0.000000	0.000000	0.000000
1319	1.000000	-0.547711	1.140170
1320	0.000000	-0.000000	0.000000
1321	1.000000	-0.551802	1.142141
1322	0.000000	0.000000	0.000000
1323	1.000000	-0.555907	1.144130
1324	0.000000	0.000000	0.000000
1325	1.000000	-0.560027	1.146137
1326	-0.000000	0.000000	0.000000
1327	1.000000	-0.564161	1.148163
1328	-0.000000	-0.000000	0.000000
1329	1.000000	-0.568310	1.150207
1330	0.000000	0.000000	0.000000
1331	1.000000	-0.572474	1.152270
1332	-0.000000	-0.000000	0.000000
1333	1.000000	-0.576652	1.154352
1334	-0.000000	0.000000	0.000000
1335	1.000000	-0.580846	1.156452
1336	-0.000000	-0.000000	0.000000
1337	1.000000	-0.585055	1.158572
1338	-0.000000	0.000000	0.000000
1339	1.000000	-0.589280	1.160711
1340	0.000000	-0.000000	0.000000
1341	1.000000	-0.593521	1.162870
1342	-0.000000	-0.000000	0.000000
1343	1.000000	-0.597777	1.165048
1344	0.000000	-0.000000	0.000000
1345	1.000000	-0.602049	1.167246
1346	0.000000	0.000000	0.000000
1347	1.000000	-0.606337	1.169464
1348	-0.000000	0.000000	0.000000
1349	1.000000	-0.610642	1.171701
1350	0.000000	-0.000000	0.000000
1351	1.000000	-0.614964	1.173959
1352	-0.000000	0.000000	0.000000
1353	1.000000	-0.619302	1.176237
1354	0.000000	0.000000	0.000000
1355	1.000000	-0.623657	1.178536
1356	0.000000	-0.000000	0.000000
1357	1.000000	-0.628029	1.180856
1358	0.000000	-0.000000	0.000000
1359	1.000000	-0.632418	1.183196
1360	-0.000000	0.000000	0.000000
1361	1.000000	-0.636825	1.185557
1362	0.000000	0.000000	0.000000
1363	1.000000	-0.641249	1.187940
1364	-0.000000	0.000000	0.000000
1365	1.000000	-0.645692	1.190344
1366	0.000000	0.000000	0.000000
1367	1.000000	-0.650152	1.192769
1368	0.000000	-0.000000	0.000000
1369	1.000000	-0.654631	1.195216
1370	-0.000000	0.000000	0.000000
1371	1.000000	-0.659128	1.197685
1372	-0.000000	-0.000000	0.000000
1373	1.000000	-0.663644	1.200176
1374	0.000000	-0.000000	0.000000
1375	1.000000	-0.668179	1.202690
1376	-0.000000	0.000000	0.000000
1377	1.000000	-0.672732	1.205226
1378	-0.000000	-0.000000	0.000000
1379	1.000000	-0.677305	1.207784
1380	-0.000000	-0.000000	0.000000
1381	1.000000	-0.681898	1.210366
1382	0.000000	-0.000000	0.000000
1383	1.000000	-0.686510	1.212970
1384	0.000000	0.000000	0.000000
1385	1.000000	-0.691143	1.215598
1386	-0.000000	-0.000000	0.000000
1387	1.000000	-0.695795	1.218249
1388	-0.000000	-0.000000	0.000000
1389	1.000000	-0.700468	1.220924
1390	-0.000000	-0.000000	0.000000
1391	1.000000	-0.705161	1.223623
1392	0.000000	-0.000000	0.000000
1393	1.000000	-0.709875	1.226345
1394	-0.000000	-0.000000	0.000000
1395	1.000000	-0.714611	1.229092
1396	0.000000	-0.000000	0.000000
1397	1.000000	-0.719367	1.231864
1398	-0.000000	-0.000000	0.000000
1399	1.000000	-0.724145	1.234660
1400	0.000000	0.000000	0.000000
1401	1.000000	-0.728945	1.237482
1402	-0.000000	0.000000	0.000000
1403	1.000000	-0.733767	1.240328
1404	-0.000000	0.000000	0.000000
1405	1.000000	-0.738611	1.243200
1406	-0.000000	-0.000000	0.000000
1407	1.000000	-0.743478	1.246098
1408	-0.000000	0.000000	0.000000
1409	1.000000	-0.748368	1.249021
1410	-0.000000	0.000000	0.000000
1411	1.000000	-0.753280	1.251971
1412	-0.000000	-0.000000	0.000000
1413	1.000000	-0.758216	1.254947
1414	-0.000000	0.000000	0.000000
1415	1.000000	-0.763176	1.257950
1416	0.000000	0.000000	0.000000
1417	1.000000	-0.768159	1.260979
1418	0.000000	0.000000	0.000000
1419	1.000000	-0.773167	1.264036
1420	-0.000000	-0.000000	0.000000
1421	1.000000	-0.778198	1.267120
1422	-0.000000	0.000000	0.000000
1423	1.000000	-0.783255	1.270232
1424	0.000000	0.000000	0.000000
1425	1.000000	-0.788336	1.273371
1426	0.000000	-0.000000	0.000000
1427	1.000000	-0.793443	1.276539
1428	0.000000	0.000000	0.000000
1429	1.000000	-0.798575	1.279735
1430	-0.000000	0.000000	0.000000
1431	1.000000	-0.803733	1.282960
1432	-0.000000	-0.000000	0.000000
1433	1.000000	-0.808917	1.286214
1434	0.000000	0.000000	0.000000
1435	1.000000	-0.814128	1.289498
1436	0.000000	-0.000000	0.000000
1437	1.000000	-0.819365	1.292811
1438	-0.000000	0.000000	0.000000
1439	1.000000	-0.824630	1.296154
1440	0.000000	-0.000000	0.000000
1441	1.000000	-0.829921	1.299527
1442	0.000000	0.000000	0.000000
1443	1.000000	-0.835241	1.302930
1444	-0.000000	0.000000	0.000000
1445	1.000000	-0.840588	1.306364
1446	0.000000	-0.000000	0.000000
1447	1.000000	-0.845963	1.309830
1448	-0.000000	-0.000000	0.000000
1449	1.000000	-0.851368	1.313327
1450	-0.000000	0.000000	0.000000
1451	1.000000	-0.856801	1.316855
1452	0.000000	0.000000	0.000000
1453	1.000000	-0.862264	1.320416
1454	0.000000	0.000000	0.000000
1455	1.000000	-0.867756	1.324009
1456	0.000000	0.000000	0.000000
1457	1.000000	-0.873278	1.327635
1458	0.000000	-0.000000	0.000000
1459	1.000000	-0.878831	1.331294
1460	0.000000	0.000000	0.000000
1461	1.000000	-0.884414	1.334986
1462	-0.000000	-0.000000	0.000000
1463	1.000000	-0.890029	1.338712
1464	-0.000000	-0.000000	0.000000
1465	1.000000	-0.895675	1.342473
1466	-0.000000	-0.000000	0.000000
1467	1.000000	-0.901353	1.346268
1468	-0.000000	-0.000000	0.000000
1469	1.000000	-0.907063	1.350097
1470	0.000000	-0.000000	0.000000
1471	1.000000	-0.912805	1.353962
1472	0.000000	0.000000	0.000000
1473	1.000000	-0.918581	1.357863
1474	-0.000000	0.000000	0.000000
1475	1.000000	-0.924390	1.361799
1476	0.000000	-0.000000	0.000000
1477	1.000000	-0.930234	1.365772
1478	0.000000	0.000000	0.000000
1479	1.000000	-0.936111	1.369782
1480	0.000000	0.000000	0.000000
1481	1.000000	-0.942023	1.373829
1482	-0.000000	0.000000	0.000000
1483	1.000000	-0.947970	1.377914
1484	0.000000	-0.000000	0.000000
1485	1.000000	-0.953953	1.382037
1486	-0.000000	0.000000	0.000000
1487	1.000000	-0.959971	1.386198
1488	0.000000	0.000000	0.000000
1489	1.000000	-0.966026	1.390398
1490	0.000000	-0.000000	0.000000
1491	1.000000	-0.972118	1.394637
1492	0.000000	-0.000000	0.000000
1493	1.000000	-0.978247	1.398917
1494	-0.000000	0.000000	0.000000
1495	1.000000	-0.984414	1.403236
1496	-0.000000	0.000000	0.000000
1497	1.000000	-0.990619	1.407596
1498	0.000000	-0.000000	0.000000
1499	1.000000	-0.996863	1.411997
1500	-0.000000	-0.000000	0.000000
1501	1.000000	-1.003147	1.416440
1502	0.000000	0.000000	0.000000
1503	1.000000	-1.009469	1.420925
1504	-0.000000	-0.000000	0.000000
1505	1.000000	-1.015833	1.425453
1506	-0.000000	0.000000	0.000000
1507	1.000000	-1.022237	1.430024
1508	-0.000000	-0.000000	0.000000
1509	1.000000	-1.028682	1.434638
1510	0.000000	-0.000000	0.000000
1511	1.000000	-1.035169	1.439296
1512	-0.000000	-0.000000	0.000000
1513	1.000000	-1.041698	1.444000
1514	-0.000000	-0.000000	0.000000
1515	1.000000	-1.048270	1.448748
1516	-0.000000	-0.000000	0.000000
1517	1.000000	-1.054886	1.453542
1518	0.000000	0.000000	0.000000
1519	1.000000	-1.061545	1.458382
1520	-0.000000	0.000000	0.000000
1521	1.000000	-1.068250	1.463269
1522	0.000000	0.000000	0.000000
1523	1.000000	-1.074999	1.468204
1524	0.000000	0.000000	0.000000
1525	1.000000	-1.081794	1.473186
1526	0.000000	-0.000000	0.000000
1527	1.000000	-1.088635	1.478217
1528	0.000000	0.000000	0.000000
1529	1.000000	-1.095524	1.483298
1530	-0.000000	0.000000	0.000000
1531	1.000000	-1.102460	1.488428
1532	0.000000	0.000000	0.000000
1533	1.000000	-1.109444	1.493608
1534	-0.000000	-0.000000	0.000000
1535	1.000000	-1.116477	1.498840
1536	-0.000000	0.000000	0.000000
1537	1.000000	-1.123559	1.504123
1538	0.000000	0.000000	0.000000
1539	1.000000	-1.130692	1.509458
1540	-0.000000	-0.000000	0.000000
1541	1.000000	-1.137876	1.514847
1542	0.000000	-0.000000	0.000000
1543	1.000000	-1.145111	1.520289
1544	-0.000000	0.000000	0.000000
1545	1.000000	-1.152398	1.525785
1546	0.000000	-0.000000	0.000000
1547	1.000000	-1.159738	1.531337
1548	0.000000	0.000000	0.000000
1549	1.000000	-1.167132	1.536944
1550	0.000000	0.000000	0.000000
1551	1.000000	-1.174581	1.542608
1552	0.000000	0.000000	0.000000
1553	1.000000	-1.182084	1.548329
1554	-0.000000	0.000000	0.000000
1555	1.000000	-1.189644	1.554108
1556	0.000000	0.000000	0.000000
1557	1.000000	-1.197260	1.559946
1558	0.000000	-0.000000	0.000000
1559	1.000000	-1.204934	1.565843
1560	-0.000000	0.000000	0.000000
1561	1.000000	-1.212666	1.571801
1562	-0.000000	-0.000000	0.000000
1563	1.000000	-1.220457	1.577820
1564	0.000000	-0.000000	0.000000
1565	1.000000	-1.228308	1.583900
1566	-0.000000	0.000000	0.000000
1567	1.000000	-1.236220	1.590044
1568	-0.000000	0.000000	0.000000
1569	1.000000	-1.244194	1.596251
1570	0.000000	-0.000000	0.000000
1571	1.000000	-1.252230	1.602523
1572	0.000000	-0.000000	0.000000
1573	1.000000	-1.260330	1.608860
1574	-0.000000	0.000000	0.000000
1575	1.000000	-1.268494	1.615264
1576	-0.000000	0.000000	0.000000
1577	1.000000	-1.276723	1.621734
1578	0.000000	-0.000000	0.000000
1579	1.000000	-1.285019	1.628273
1580	0.000000	0.000000	0.000000
1581	1.000000	-1.293382	1.634882
1582	-0.000000	-0.000000	0.000000
1583	1.000000	-1.301813	1.641560
1584	-0.000000	0.000000	0.000000
1585	1.000000	-1.310314	1.648309
1586	0.000000	-0.000000	0.000000
1587	1.000000	-1.318885	1.655130
1588	-0.000000	-0.000000	0.000000
1589	1.000000	-1.327527	1.662025
1590	0.000000	-0.000000	0.000000
1591	1.000000	-1.336241	1.668994
1592	0.000000	0.000000	0.000000
1593	1.000000	-1.345029	1.676038
1594	-0.000000	0.000000	0.000000
1595	1.000000	-1.353892	1.683159
1596	-0.000000	0.000000	0.000000
1597	1.000000	-1.362830	1.690357
1598	-0.000000	-0.000000	0.000000
1599	1.000000	-1.371845	1.697633
1600	-0.000000	0.000000	0.000000
1601	1.000000	-1.380938	1.704990
1602	0.000000	0.000000	0.000000
1603	1.000000	-1.390111	1.712427
1604	0.000000	0.000000	0.000000
1605	1.000000	-1.399364	1.719947
1606	0.000000	0.000000	0.000000
1607	1.000000	-1.408698	1.727550
1608	-0.000000	-0.000000	0.000000
1609	1.000000	-1.418116	1.735238
1610	-0.000000	-0.000000	0.000000
1611	1.000000	-1.427618	1.743012
1612	0.000000	0.000000	0.000000
1613	1.000000	-1.437205	1.750874
1614	0.000000	0.000000	0.000000
1615	1.000000	-1.446880	1.758824
1616	0.000000	0.000000	0.000000
1617	1.000000	-1.456642	1.766864
1618	0.000000	-0.000000	0.000000
1619	1.000000	-1.466495	1.774995
1620	0.000000	-0.000000	0.000000
1621	1.000000	-1.476439	1.783219
1622	-0.000000	-0.000000	0.000000
1623	1.000000	-1.486475	1.791538
1624	0.000000	-0.000000	0.000000
1625	1.000000	-1.496606	1.799952
1626	-0.000000	-0.000000	0.000000
1627	1.000000	-1.506832	1.808464
1628	-0.000000	-0.000000	0.000000
1629	1.000000	-1.517156	1.817075
1630	-0.000000	0.000000	0.000000
1631	1.000000	-1.527578	1.825786
1632	0.000000	-0.000000	0.000000
1633	1.000000	-1.538101	1.834600
1634	-0.000000	-0.000000	0.000000
1635	1.000000	-1.548726	1.843517
1636	0.000000	0.000000	0.000000
1637	1.000000	-1.559456	1.852539
1638	0.000000	0.000000	0.000000
1639	1.000000	-1.570290	1.861669
1640	0.000000	-0.000000	0.000000
1641	1.000000	-1.581232	1.870908
1642	0.000000	-0.000000	0.000000
1643	1.000000	-1.592284	1.880257
1644	0.000000	0.000000	0.000000
1645	1.000000	-1.603446	1.889720
1646	-0.000000	0.000000	0.000000
1647	1.000000	-1.614722	1.899297
1648	-0.000000	0.000000	0.000000
1649	1.000000	-1.626113	1.908990
1650	-0.000000	-0.000000	0.000000
1651	1.000000	-1.637620	1.918802
1652	0.000000	0.000000	0.000000
1653	1.000000	-1.649247	1.928734
1654	0.000000	0.000000	0.000000
1655	1.000000	-1.660994	1.938789
1656	0.000000	0.000000	0.000000
1657	1.000000	-1.672865	1.948969
1658	0.000000	0.000000	0.000000
1659	1.000000	-1.684862	1.959275
1660	0.000000	-0.000000	0.000000
1661	1.000000	-1.696986	1.969711
1662	-0.000000	-0.000000	0.000000
1663	1.000000	-1.709240	1.980278
1664	0.000000	-0.000000	0.000000
1665	1.000000	-1.721626	1.990979
1666	0.000000	0.000000	0.000000
1667	1.000000	-1.734147	2.001816
1668	-0.000000	-0.000000	0.000000
1669	1.000000	-1.746805	2.012791
1670	0.000000	-0.000000	0.000000
1671	1.000000	-1.759603	2.023908
1672	0.000000	0.000000	0.000000
1673	1.000000	-1.772543	2.035168
1674	-0.000000	0.000000	0.000000
1675	1.000000	-1.785628	2.046575
1676	0.000000	-0.000000	0.000000
1677	1.000000	-1.798861	2.058131
1678	0.000000	-0.000000	0.000000
1679	1.000000	-1.812244	2.069838
1680	-0.000000	0.000000	0.000000
1681	1.000000	-1.825781	2.081700
1682	0.000000	0.000000	0.000000
1683	1.000000	-1.839473	2.093720
1684	-0.000000	0.000000	0.000000
1685	1.000000	-1.853325	2.105900
1686	0.000000	0.000000	0.000000
1687	1.000000	-1.867339	2.118244
1688	0.000000	0.000000	0.000000
1689	1.000000	-1.881519	2.130754
1690	0.000000	0.000000	0.000000
1691	1.000000	-1.895867	2.143434
1692	-0.000000	0.000000	0.000000
1693	1.000000	-1.910387	2.156288
1694	-0.000000	-0.000000	0.000000
1695	1.000000	-1.925082	2.169318
1696	0.000000	-0.000000	0.000000
1697	1.000000	-1.939956	2.182528
1698	-0.000000	-0.000000	0.000000
1699	1.000000	-1.955013	2.195922
1700	0.000000	-0.000000	0.000000
1701	1.000000	-1.970255	2.209504
1702	0.000000	-0.000000	0.000000
1703	1.000000	-1.985688	2.223276
1704	0.000000	-0.000000	0.000000
1705	1.000000	-2.001314	2.237243
1706	0.000000	0.000000	0.000000
1707	1.000000	-2.017138	2.251410
1708	0.000000	-0.000000	0.000000
1709	1.000000	-2.033164	2.265779
1710	0.000000	0.000000	0.000000
1711	1.000000	-2.049396	2.280356
1712	-0.000000	-0.000000	0.000000
1713	1.000000	-2.065838	2.295144
1714	0.000000	0.000000	0.000000
1715	1.000000	-2.082495	2.310149
1716	-0.000000	0.000000	0.000000
1717	1.000000	-2.099372	2.325373
1718	-0.000000	-0.000000	0.000000
1719	1.000000	-2.116472	2.340824
1720	-0.000000	-0.000000	0.000000
1721	1.000000	-2.133802	2.356504
1722	-0.000000	0.000000	0.000000
1723	1.000000	-2.151365	2.372419
1724	-0.000000	0.000000	0.000000
1725	1.000000	-2.169168	2.388575
1726	-0.000000	-0.000000	0.000000
1727	1.000000	-2.187214	2.404975
1728	0.000000	0.000000	0.000000
1729	1.000000	-2.205511	2.421627
1730	0.000000	0.000000	0.000000
1731	1.000000	-2.224063	2.438535
1732	-0.000000	0.000000	0.000000
1733	1.000000	-2.242876	2.455706
1734	-0.000000	-0.000000	0.000000
1735	1.000000	-2.261955	2.473144
1736	0.000000	0.000000	0.000000
1737	1.000000	-2.281308	2.490857
1738	0.000000	0.000000	0.000000
1739	1.000000	-2.300941	2.508850
1740	0.000000	-0.000000	0.000000
1741	1.000000	-2.320859	2.527130
1742	0.000000	0.000000	0.000000
1743	1.000000	-2.341070	2.545704
1744	0.000000	-0.000000	0.000000
1745	1.000000	-2.361580	2.564578
1746	0.000000	0.000000	0.000000
1747	1.000000	-2.382397	2.583760
1748	0.000000	-0.000000	0.000000
1749	1.000000	-2.403528	2.603257
1750	0.000000	0.000000	0.000000
1751	1.000000	-2.424980	2.623076
1752	-0.000000	0.000000	0.000000
1753	1.000000	-2.446762	2.643226
1754	0.000000	-0.000000	0.000000
1755	1.000000	-2.468882	2.663715
1756	-0.000000	-0.000000	0.000000
1757	1.000000	-2.491347	2.684550
1758	0.000000	-0.000000	0.000000
1759	1.000000	-2.514166	2.705741
1760	-0.000000	0.000000	0.000000
1761	1.000000	-2.537349	2.727295
1762	0.000000	0.000000	0.000000
1763	1.000000	-2.560905	2.749224
1764	-0.000000	0.000000	0.000000
1765	1.000000	-2.584842	2.771535
1766	0.000000	-0.000000	0.000000
1767	1.000000	-2.609172	2.794240
1768	0.000000	0.000000	0.000000
1769	1.000000	-2.633903	2.817347
1770	0.000000	-0.000000	0.000000
1771	1.000000	-2.659048	2.840869
1772	-0.000000	-0.000000	0.000000
1773	1.000000	-2.684616	2.864814
1774	-0.000000	-0.000000	0.000000
1775	1.000000	-2.710619	2.889196
1776	0.000000	-0.000000	0.000000
1777	1.000000	-2.737068	2.914025
1778	0.000000	-0.000000	0.000000
1779	1.000000	-2.763977	2.939314
1780	0.000000	-0.000000	0.000000
1781	1.000000	-2.791357	2.965075
1782	0.000000	-0.000000	0.000000
1783	1.000000	-2.819221	2.991322
1784	-0.000000	-0.000000	0.000000
1785	1.000000	-2.847583	3.018067
1786	-0.000000	0.000000	0.000000
1787	1.000000	-2.876457	3.045325
1788	-0.000000	0.000000	0.000000
1789	1.000000	-2.905858	3.073111
1790	0.000000	-0.000000	0.000000
1791	1.000000	-2.935801	3.101440
1792	0.000000	0.000000	0.000000
1793	1.000000	-2.966301	3.130326
1794	0.000000	0.000000	0.000000
1795	1.000000	-2.997375	3.159788
1796	-0.000000	0.000000	0.000000
1797	1.000000	-3.029040	3.189841
1798	0.000000	-0.000000	0.000000
1799	1.000000	-3.061313	3.220503
1800	-0.000000	0.000000	0.000000
1801	1.000000	-3.094213	3.251792
1802	-0.000000	0.000000	0.000000
1803	1.000000	-3.127759	3.283729
1804	-0.000000	-0.000000	0.000000
1805	1.000000	-3.161971	3.316332
1806	-0.000000	-0.000000	0.000000
1807	1.000000	-3.196869	3.349622
1808	0.000000	-0.000000	0.000000
1809	1.000000	-3.232475	3.383622
1810	0.000000	0.000000	0.000000
1811	1.000000	-3.268812	3.418352
1812	-0.000000	-0.000000	0.000000
1813	1.000000	-3.305903	3.453838
1814	-0.000000	-0.000000	0.000000
1815	1.000000	-3.343772	3.490102
1816	0.000000	0.000000	0.000000
1817	1.000000	-3.382446	3.527172
1818	-0.000000	0.000000	0.000000
1819	1.000000	-3.421950	3.565073
1820	0.000000	0.000000	0.000000
1821	1.000000	-3.462313	3.603833
1822	-0.000000	0.000000	0.000000
1823	1.000000	-3.503564	3.643482
1824	0.000000	0.000000	0.000000
1825	1.000000	-3.545733	3.684049
1826	0.000000	-0.000000	0.000000
1827	1.000000	-3.588851	3.725568
1828	0.000000	-0.000000	0.000000
1829	1.000000	-3.632954	3.768070
1830	0.000000	-0.000000	0.000000
1831	1.000000	-3.678074	3.811591
1832	-0.000000	0.000000	0.000000
1833	1.000000	-3.724250	3.856169
1834	0.000000	-0.000000	0.000000
1835	1.000000	-3.771518	3.901840
1836	0.000000	0.000000	0.000000
1837	1.000000	-3.819921	3.948645
1838	0.000000	0.000000	0.000000
1839	1.000000	-3.869499	3.996626
1840	-0.000000	0.000000	0.000000
1841	1.000000	-3.920297	4.045829
1842	-0.000000	-0.000000	0.000000
1843	1.000000	-3.972363	4.096299
1844	-0.000000	0.000000	0.000000
1845	1.000000	-4.025744	4.148086
1846	0.000000	-0.000000	0.000000
1847	1.000000	-4.080493	4.201240
1848	0.000000	0.000000	0.000000
1849	1.000000	-4.136663	4.255818
1850	-0.000000	0.000000	0.000000
1851	1.000000	-4.194313	4.311875
1852	-0.000000	0.000000	0.000000
1853	1.000000	-4.253503	4.369472
1854	-0.000000	-0.000000	0.000000
1855	1.000000	-4.314295	4.428673
1856	0.000000	0.000000	0.000000
1857	1.000000	-4.376759	4.489545
1858	-0.000000	0.000000	0.000000
1859	1.000000	-4.440964	4.552160
1860	-0.000000	0.000000	0.000000
1861	1.000000	-4.506986	4.616592
1862	0.000000	-0.000000	0.000000
1863	1.000000	-4.574904	4.682921
1864	0.000000	-0.000000	0.000000
1865	1.000000	-4.644803	4.751231
1866	-0.000000	-0.000000	0.000000
1867	1.000000	-4.716773	4.821612
1868	0.000000	-0.000000	0.000000
1869	1.000000	-4.790907	4.894159
1870	-0.000000	-0.000000	0.000000
1871	1.000000	-4.867307	4.968972
1872	0.000000	-0.000000	0.000000
1873	1.000000	-4.946080	5.046158
1874	0.000000	0.000000	0.000000
1875	1.000000	-5.027339	5.125831
1876	0.000000	0.000000	0.000000
1877	1.000000	-5.111207	5.208113
1878	0.000000	0.000000	0.000000
1879	1.000000	-5.197812	5.293132
1880	-0.000000	0.000000	0.000000
1881	1.000000	-5.287292	5.381028
1882	-0.000000	-0.000000	0.000000
1883	1.000000	-5.379795	5.471946
1884	0.000000	-0.000000	0.000000
1885	1.000000	-5.475479	5.566046
1886	0.000000	0.000000	0.000000
1887	1.000000	-5.574512	5.663496
1888	0.000000	0.000000	0.000000
1889	1.000000	-5.677076	5.764476
1890	0.000000	0.000000	0.000000
1891	1.000000	-5.783364	5.869182
1892	0.000000	-0.000000	0.000000
1893	1.000000	-5.893587	5.977823
1894	-0.000000	0.000000	0.000000
1895	1.000000	-6.007968	6.090622
1896	0.000000	-0.000000	0.000000
1897	1.000000	-6.126749	6.207822
1898	0.000000	0.000000	0.000000
1899	1.000000	-6.250194	6.329686
1900	-0.000000	0.000000	0.000000
1901	1.000000	-6.378583	6.456494
1902	0.000000	0.000000	0.000000
1903	1.000000	-6.512223	6.588554
1904	0.000000	0.000000	0.000000
1905	1.000000	-6.651445	6.726196
1906	-0.000000	-0.000000	0.000000
1907	1.000000	-6.796610	6.869782
1908	-0.000000	0.000000	0.000000
1909	1.000000	-6.948109	7.019702
1910	0.000000	0.000000	0.000000
1911	1.000000	-7.106370	7.176385
1912	-0.000000	-0.000000	0.000000
1913	1.000000	-7.271859	7.340295
1914	-0.000000	0.000000	0.000000
1915	1.000000	-7.445086	7.511944
1916	0.000000	0.000000	0.000000
1917	1.000000	-7.626610	7.691890
1918	0.000000	0.000000	0.000000
1919	1.000000	-7.817046	7.880749
1920	0.000000	0.000000	0.000000
1921	1.000000	-8.017071	8.079197
1922	-0.000000	-0.000000	0.000000
1923	1.000000	-8.227433	8.287982
1924	0.000000	-0.000000	0.000000
1925	1.000000	-8.448957	8.507930
1926	0.000000	0.000000	0.000000
1927	1.000000	-8.682563	8.739960
1928	-0.000000	-0.000000	0.000000
1929	1.000000	-8.929269	8.985090
1930	-0.000000	0.000000	0.000000
1931	1.000000	-9.190217	9.244462
1932	-0.000000	0.000000	0.000000
1933	1.000000	-9.466681	9.519351
1934	0.000000	0.000000	0.000000
1935	1.000000	-9.760093	9.811188
1936	-0.000000	-0.000000	0.000000
1937	1.000000	-10.072067	10.121588
1938	0.000000	0.000000	0.000000
1939	1.000000	-10.404431	10.452377
1940	0.000000	0.000000	0.000000
1941	1.000000	-10.759256	10.805627
1942	-0.000000	-0.000000	0.000000
1943	1.000000	-11.138907	11.183704
1944	0.000000	0.000000	0.000000
1945	1.000000	-11.546093	11.589316
1946	0.000000	0.000000	0.000000
1947	1.000000	-11.983930	12.025580
1948	0.000000	-0.000000	0.000000
1949	1.000000	-12.456026	12.496102
1950	0.000000	0.000000	0.000000
1951	1.000000	-12.966574	13.005077
1952	0.000000	-0.000000	0.000000
1953	1.000000	-13.520483	13.557414
1954	-0.000000	0.000000	0.000000
1955	1.000000	-14.123536	14.158894
1956	0.000000	0.000000	0.000000
1957	1.000000	-14.782589	14.816374
1958	-0.000000	0.000000	0.000000
1959	1.000000	-15.505838	15.538050
1960	0.000000	0.000000	0.000000
1961	1.000000	-16.303158	16.333799
1962	0.000000	-0.000000	0.000000
1963	1.000000	-17.186562	17.215630
1964	-0.000000	-0.000000	0.000000
1965	1.000000	-18.170807	18.198303
1966	0.000000	0.000000	0.000000
1967	1.000000	-19.274226	19.300150
1968	-0.000000	-0.000000	0.000000
1969	1.000000	-20.519888	20.544240
1970	0.000000	-0.000000	0.000000
1971	1.000000	-21.937219	21.960000
1972	-0.000000	0.000000	0.000000
1973	1.000000	-23.564371	23.585580
1974	0.000000	-0.000000	0.000000
1975	1.000000	-25.451700	25.471337
1976	0.000000	0.000000	0.000000
1977	1.000000	-27.667077	27.685143
1978	0.000000	0.000000	0.000000
1979	1.000000	-30.304231	30.320726
1980	-0.000000	-0.000000	0.000000
1981	1.000000	-33.496355	33.511279
1982	0.000000	0.000000	0.000000
1983	1.000000	-37.439320	37.452673
1984	0.000000	-0.000000	0.000000
1985	1.000000	-42.433464	42.445245
1986	-0.000000	0.000000	0.000000
1987	1.000000	-48.963945	48.974155
1988	0.000000	-0.000000	0.000000
1989	1.000000	-57.868765	57.877405
1990	0.000000	-0.000000	0.000000
1991	1.000000	-70.730818	70.737887
1992	0.000000	0.000000	0.000000
1993	1.000000	-90.942017	90.947514
1994	-0.000000	0.000000	0.000000
1995	1.000000	-127.321336	127.325263
1996	0.000000	0.000000	0.000000
1997	1.000000	-212.205020	212.207376
1998	0.000000	-0.000000	0.000000
1999	1.000000	-636.619249	636.620034
